C012(C002 C003 C008):(99 46 51 93 88 64 84)
C011(C006 C012):(55 39 28 79 13 8 29 32 1 6 7)
C010(C012):(2 8 32 13 3 30 5 39 7)
C009(C002 C007 C011 C012):(8 99 46 51 29 5 39 32 1 93 88 64 14 6 2 30 78 17 3 22 91 13 79)
C008(C012):(2 14 13 91 5 6 7)
C007(C012):(8 29 14 13 3 79 91 5)
C006(C012):(8 29 32 3 91 1 6 7)
C005(C012):(2 32 79 30 1 5 6 39 7)
C004(C011 C012):(17 2 3 22 95 8 32 13 79 1 6 39 7)
C003(C012):(8 29 30 1 6 39 7)
C002(C012):(2 13 3 79 91 30 6)
C001(C006 C007 C011 C012):(55 14 39 28 79 5 13 6 93 32 7 64 3 22 95 91 8)
